           instances//test_10_13_2_1.txt	10	13	2	1	166	166	117.00	129.24	166.00	  0.00	  0.01	  0.05	  7.34	  7.41	0	33	2	
           instances//test_10_13_2_2.txt	10	13	2	2	146	146	 95.00	109.64	146.00	  0.00	  0.01	  0.05	  6.50	  6.58	0	42	2	
           instances//test_10_13_2_3.txt	10	13	2	3	209	204	112.00	150.47	204.00	  0.00	  0.01	  0.05	  2.21	  2.29	0	48	2	
           instances//test_10_13_2_4.txt	10	13	2	4	185	147	102.00	110.15	147.00	  0.00	  0.01	  0.05	  2.19	  2.27	0	29	2	
           instances//test_10_13_3_1.txt	10	13	3	1	87	87	 41.00	 52.03	 87.00	  0.00	  0.01	  0.06	  0.87	  0.96	0	64	1	
           instances//test_10_13_3_2.txt	10	13	3	2	70	70	 34.00	 43.39	 70.00	  0.00	  0.01	  0.06	  0.67	  0.75	0	20	1	
           instances//test_10_13_3_3.txt	10	13	3	3	175	160	104.00	108.43	160.00	  0.00	  0.01	  0.06	  0.65	  0.74	0	251	1	
           instances//test_10_13_3_4.txt	10	13	3	4	158	111	 52.00	 74.21	111.00	  0.00	  0.01	  0.06	  1.24	  1.34	0	130	1	
           instances//test_10_13_4_1.txt	10	13	4	1	113	113	 54.00	 68.41	113.00	  0.00	  0.01	  0.06	  2.34	  2.44	0	37	1	
           instances//test_10_13_4_2.txt	10	13	4	2	97	97	 53.00	 59.25	 97.00	  0.00	  0.02	  0.06	  1.66	  1.76	0	73	1	
           instances//test_10_13_4_3.txt	10	13	4	3	76	74	 33.00	 45.25	 74.00	  0.00	  0.01	  0.05	  0.86	  0.95	0	11	1	
           instances//test_10_13_4_4.txt	10	13	4	4	71	71	 38.00	 38.66	 71.00	  0.00	  0.01	  0.06	  1.15	  1.24	0	165	1	
           instances//test_10_13_5_1.txt	10	13	5	1	30	30	 11.00	 20.67	 30.00	  0.00	  0.01	  0.06	  1.20	  1.29	0	38	1	
           instances//test_10_13_5_2.txt	10	13	5	2	75	75	 37.00	 65.71	 75.00	  0.00	  0.02	  0.06	  0.88	  0.98	0	17	1	
           instances//test_10_13_5_3.txt	10	13	5	3	42	42	 14.00	 37.47	 42.00	  0.00	  0.02	  0.06	  0.88	  0.98	0	15	1	
           instances//test_10_13_5_4.txt	10	13	5	4	55	55	 23.00	 40.93	 55.00	  0.00	  0.02	  0.06	  0.93	  1.03	0	8	1	
           instances//test_10_18_2_1.txt	10	18	2	1	148	132	113.00	114.50	132.00	  0.00	  0.01	  0.06	  1.06	  1.15	0	25	1	
           instances//test_10_18_2_2.txt	10	18	2	2	121	121	 95.00	102.82	121.00	  0.00	  0.01	  0.05	  0.95	  1.03	0	48	1	
           instances//test_10_18_2_3.txt	10	18	2	3	156	149	128.00	133.41	149.00	  0.00	  0.01	  0.06	  0.78	  0.87	0	9	1	
           instances//test_10_18_2_4.txt	10	18	2	4	142	128	 83.00	 98.41	128.00	  0.00	  0.01	  0.07	  0.94	  1.04	0	78	3	
           instances//test_10_18_3_1.txt	10	18	3	1	74	74	 57.00	 58.05	 74.00	  0.00	  0.01	  0.07	  1.14	  1.25	0	134	1	
           instances//test_10_18_3_2.txt	10	18	3	2	113	113	 67.00	 80.96	113.00	  0.00	  0.02	  0.07	  1.06	  1.17	0	88	1	
           instances//test_10_18_3_3.txt	10	18	3	3	102	102	 58.00	 62.03	102.00	  0.00	  0.02	  0.07	  1.48	  1.59	0	221	1	
           instances//test_10_18_3_4.txt	10	18	3	4	117	100	 54.00	 61.03	100.00	  0.00	  0.01	  0.09	  5.49	  5.61	0	563	1	
           instances//test_10_18_4_1.txt	10	18	4	1	45	45	 21.00	 32.18	 45.00	  0.00	  0.02	  0.08	  0.88	  1.00	0	24	1	
           instances//test_10_18_4_2.txt	10	18	4	2	67	67	 35.00	 38.55	 67.00	  0.00	  0.02	  0.10	  1.03	  1.18	0	88	1	
           instances//test_10_18_4_3.txt	10	18	4	3	107	78	 40.00	 44.65	 78.00	  0.00	  0.02	  0.09	  1.14	  1.27	0	154	1	
           instances//test_10_18_4_4.txt	10	18	4	4	62	62	 23.00	 26.62	 62.00	  0.00	  0.02	  0.07	  1.32	  1.43	0	204	1	
           instances//test_10_18_5_1.txt	10	18	5	1	54	54	 20.00	 20.60	 54.00	  0.00	  0.03	  0.08	  0.75	  0.88	0	1	1	
           instances//test_10_18_5_2.txt	10	18	5	2	67	67	 18.00	 32.80	 67.00	  0.00	  0.03	  0.09	  1.25	  1.38	0	64	1	
           instances//test_10_18_5_3.txt	10	18	5	3	69	69	 25.00	 30.39	 69.00	  0.00	  0.03	  0.08	  0.80	  0.92	0	18	1	
           instances//test_10_18_5_4.txt	10	18	5	4	13	13	  5.00	  0.00	 13.00	  0.00	  0.03	  0.06	  1.63	  1.74	0	0	1	
           instances//test_10_22_2_1.txt	10	22	2	1	153	153	101.00	116.19	153.00	  0.00	  0.01	  0.07	  1.27	  1.37	0	214	2	
           instances//test_10_22_2_2.txt	10	22	2	2	137	128	 99.00	103.93	128.00	  0.00	  0.01	  0.09	  0.88	  1.01	0	61	1	
           instances//test_10_22_2_3.txt	10	22	2	3	132	99	 77.00	 81.72	 99.00	  0.00	  0.01	  0.06	  0.79	  0.88	0	25	1	
           instances//test_10_22_2_4.txt	10	22	2	4	72	72	 56.00	 61.00	 72.00	  0.00	  0.01	  0.06	  1.14	  1.23	0	19	1	
           instances//test_10_22_3_1.txt	10	22	3	1	69	56	 39.00	 40.13	 56.00	  0.00	  0.02	  0.10	  1.15	  1.30	0	148	1	
           instances//test_10_22_3_2.txt	10	22	3	2	36	36	 25.00	 26.85	 36.00	  0.00	  0.02	  0.07	  0.92	  1.04	0	83	1	
           instances//test_10_22_3_3.txt	10	22	3	3	85	85	 42.00	 49.10	 85.00	  0.00	  0.02	  0.09	  3.72	  3.87	0	987	2	
           instances//test_10_22_3_4.txt	10	22	3	4	58	58	 28.00	 30.65	 58.00	  0.00	  0.03	  0.10	  1.67	  1.82	0	344	1	
           instances//test_10_22_4_1.txt	10	22	4	1	52	52	 31.00	 37.75	 52.00	  0.00	  0.03	  0.09	  0.99	  1.13	0	10	1	
           instances//test_10_22_4_2.txt	10	22	4	2	39	39	  9.00	 12.62	 39.00	  0.00	  0.03	  0.09	  1.19	  1.33	0	120	1	
           instances//test_10_22_4_3.txt	10	22	4	3	59	59	 28.00	 28.95	 59.00	  0.00	  0.03	  0.09	  0.94	  1.08	0	44	1	
           instances//test_10_22_4_4.txt	10	22	4	4	37	37	 15.00	 16.50	 37.00	  0.00	  0.03	  0.09	  1.04	  1.18	0	81	1	
           instances//test_10_22_5_1.txt	10	22	5	1	20	20	 11.00	 13.09	 20.00	  0.00	  0.04	  0.10	  0.92	  1.09	0	11	1	
           instances//test_10_22_5_2.txt	10	22	5	2	33	33	 11.00	 15.75	 33.00	  0.00	  0.04	  0.10	  0.86	  1.03	0	13	1	
           instances//test_10_22_5_3.txt	10	22	5	3	46	44	 17.00	 21.60	 44.00	  0.00	  0.04	  0.09	  0.88	  1.03	0	8	1	
           instances//test_10_22_5_4.txt	10	22	5	4	36	36	 13.00	 25.00	 36.00	  0.00	  0.03	  0.10	  0.78	  0.94	0	8	1	
