           instances//test_30_43_2_1.txt	30	43	2	1	509	503	445.00	463.17	503.00	  0.08	  0.00	  1.00	  0.06	  1.07	 503	  11	   1	   0	
           instances//test_30_43_2_2.txt	30	43	2	2	602	530	422.00	470.00	530.00	  0.11	  0.00	  1.00	  0.04	  1.06	 256	   6	   3	   0	
           instances//test_30_43_2_3.txt	30	43	2	3	595	552	419.50	498.50	552.00	  0.10	  0.01	  1.01	  0.20	  1.22	 371	  37	   4	   0	
           instances//test_30_43_2_4.txt	30	43	2	4	487	487	412.00	447.63	487.00	  0.08	  0.00	  0.75	  0.05	  0.81	 233	   6	   2	   0	
           instances//test_30_43_4_1.txt	30	43	4	1	341	294	231.50	245.50	294.00	  0.16	  0.01	  1.01	  0.24	  1.27	 206	   9	   1	   0	
           instances//test_30_43_4_2.txt	30	43	4	2	294	294	213.00	234.50	294.00	  0.20	  0.01	  1.01	  0.44	  1.47	 157	  38	   1	   0	
           instances//test_30_43_4_3.txt	30	43	4	3	326	284	219.25	228.50	284.00	  0.20	  0.01	  1.01	  0.21	  1.24	 151	   3	   1	   0	
           instances//test_30_43_4_4.txt	30	43	4	4	334	309	229.25	239.00	309.00	  0.23	  0.01	  1.03	  0.27	  1.33	 166	   9	   1	   0	
           instances//test_30_43_6_1.txt	30	43	6	1	271	204	141.00	144.22	204.00	  0.29	  0.02	  1.03	  0.41	  1.52	 142	   4	   1	   0	
           instances//test_30_43_6_2.txt	30	43	6	2	237	183	147.33	149.69	183.00	  0.18	  0.01	  1.02	  0.21	  1.27	 135	   1	   1	   0	
           instances//test_30_43_6_3.txt	30	43	6	3	198	171	100.17	102.17	171.00	  0.40	  0.02	  1.01	  0.51	  1.60	 150	   7	   1	   0	
           instances//test_30_43_6_4.txt	30	43	6	4	194	157	104.33	108.52	157.00	  0.31	  0.02	  1.03	  0.57	  1.65	 129	   6	   1	   0	
           instances//test_30_43_8_1.txt	30	43	8	1	152	122	 74.13	 77.51	122.00	  0.36	  0.03	  1.07	  0.59	  1.72	 133	   1	   1	   0	
           instances//test_30_43_8_2.txt	30	43	8	2	146	125	 80.38	 80.58	125.00	  0.36	  0.03	  1.04	  0.50	  1.59	 116	   1	   1	   0	
           instances//test_30_43_8_3.txt	30	43	8	3	171	131	 76.62	 78.87	131.00	  0.40	  0.04	  1.01	  0.48	  1.54	 114	   3	   1	   0	
           instances//test_30_43_8_4.txt	30	43	8	4	118	117	 76.75	 76.78	117.00	  0.34	  0.04	  1.07	  0.27	  1.47	 124	   0	   1	   0	
          instances//test_30_43_10_1.txt	30	43	10	1	92	85	 39.80	 40.48	 85.00	  0.52	  0.04	  1.05	  0.64	  1.74	 109	   1	   1	   0	
          instances//test_30_43_10_2.txt	30	43	10	2	121	109	 43.60	 43.92	109.00	  0.60	  0.04	  1.07	  0.68	  1.81	 111	   1	   1	   0	
          instances//test_30_43_10_3.txt	30	43	10	3	126	119	 52.80	 53.13	119.00	  0.55	  0.05	  1.09	  0.57	  1.72	 105	   1	   1	   0	
          instances//test_30_43_10_4.txt	30	43	10	4	85	82	 34.80	 35.39	 82.00	  0.57	  0.04	  1.01	  0.78	  1.86	  98	   0	   1	   0	
           instances//test_30_87_2_1.txt	30	87	2	1	289	288	264.00	271.00	288.00	  0.06	  0.01	  1.00	  0.07	  1.10	 354	   5	   2	   0	
           instances//test_30_87_2_2.txt	30	87	2	2	234	234	210.50	214.46	234.00	  0.08	  0.00	  1.01	  0.18	  1.21	 246	   6	   2	   0	
           instances//test_30_87_2_3.txt	30	87	2	3	272	272	223.00	245.00	272.00	  0.10	  0.01	  1.00	  0.12	  1.16	 321	  18	   3	   0	
           instances//test_30_87_2_4.txt	30	87	2	4	369	259	206.00	224.45	259.00	  0.13	  0.01	  1.01	  0.20	  1.24	 338	  17	   3	   0	
           instances//test_30_87_4_1.txt	30	87	4	1	133	115	 89.50	 91.28	115.00	  0.21	  0.02	  1.05	  0.38	  1.47	 223	   4	   1	   0	
           instances//test_30_87_4_2.txt	30	87	4	2	128	127	 75.75	 81.00	127.00	  0.36	  0.02	  1.05	  0.43	  1.52	 199	   6	   2	   0	
           instances//test_30_87_4_3.txt	30	87	4	3	174	155	126.00	129.75	155.00	  0.16	  0.01	  1.03	  0.40	  1.46	 235	   7	   1	   0	
           instances//test_30_87_4_4.txt	30	87	4	4	138	138	 99.00	107.00	138.00	  0.22	  0.02	  1.04	  0.47	  1.55	 225	   7	   1	   0	
           instances//test_30_87_6_1.txt	30	87	6	1	142	121	 62.33	 65.63	121.00	  0.46	  0.04	  1.04	  1.69	  2.81	 204	  14	   1	   0	
           instances//test_30_87_6_2.txt	30	87	6	2	82	82	 50.00	 56.33	 82.00	  0.31	  0.04	  1.01	  0.78	  1.84	 177	   8	   1	   0	
           instances//test_30_87_6_3.txt	30	87	6	3	69	63	 30.50	 33.17	 63.00	  0.47	  0.05	  1.05	  0.67	  1.81	 172	  10	   1	   0	
           instances//test_30_87_6_4.txt	30	87	6	4	140	113	 64.67	 76.17	113.00	  0.33	  0.04	  1.01	  1.20	  2.27	 173	   6	   1	   0	
           instances//test_30_87_8_1.txt	30	87	8	1	58	48	 29.62	 29.77	 48.00	  0.38	  0.11	  1.12	  0.60	  1.85	  99	   0	   1	   0	
           instances//test_30_87_8_2.txt	30	87	8	2	88	84	 42.50	 43.05	 84.00	  0.49	  0.11	  1.10	  1.73	  2.96	 160	  11	   1	   0	
           instances//test_30_87_8_3.txt	30	87	8	3	70	70	 40.87	 42.62	 70.00	  0.39	  0.09	  1.13	  0.49	  2.71	 135	   1	   1	   0	
           instances//test_30_87_8_4.txt	30	87	8	4	63	62	 30.25	 30.87	 62.00	  0.50	  0.10	  1.09	  0.60	  1.81	 151	   3	   1	   0	
          instances//test_30_87_10_1.txt	30	87	10	1	50	50	 30.20	 31.50	 50.00	  0.37	  0.09	  1.01	  0.41	  1.53	  87	   1	   1	   0	
          instances//test_30_87_10_2.txt	30	87	10	2	32	26	 13.10	 13.10	 26.00	  0.50	  0.12	  1.01	  0.34	  1.49	  86	   0	   1	   0	
          instances//test_30_87_10_3.txt	30	87	10	3	52	52	 21.70	 22.01	 52.00	  0.58	  0.15	  1.22	  0.93	  2.32	 108	   3	   1	   0	
          instances//test_30_87_10_4.txt	30	87	10	4	72	56	 23.90	 29.20	 56.00	  0.48	  0.20	  1.08	  1.42	  2.73	 115	   5	   1	   0	
          instances//test_30_130_2_1.txt	30	130	2	1	210	210	183.00	204.00	210.00	  0.03	  0.01	  1.00	  0.15	  1.19	 224	  18	   3	   0	
          instances//test_30_130_2_2.txt	30	130	2	2	217	212	174.50	194.50	212.00	  0.08	  0.01	  1.01	  0.16	  1.19	 254	  14	   3	   0	
          instances//test_30_130_2_3.txt	30	130	2	3	215	206	127.00	183.00	206.00	  0.11	  0.01	  1.01	  0.18	  1.21	 362	  14	   3	   0	
          instances//test_30_130_2_4.txt	30	130	2	4	254	229	184.00	203.00	229.00	  0.11	  0.01	  1.01	  0.19	  1.22	 328	  24	   2	   0	
          instances//test_30_130_4_1.txt	30	130	4	1	130	117	 62.25	 84.00	117.00	  0.28	  0.03	  1.03	  1.45	  2.53	 281	  41	   1	   0	
          instances//test_30_130_4_2.txt	30	130	4	2	166	129	 68.25	 80.00	129.00	  0.38	  0.04	  1.05	  1.79	  2.90	 260	  18	   1	   0	
          instances//test_30_130_4_3.txt	30	130	4	3	105	105	 76.25	 84.25	105.00	  0.20	  0.03	  1.01	  1.30	  2.36	 286	  10	   1	   0	
          instances//test_30_130_4_4.txt	30	130	4	4	82	82	 60.75	 65.50	 82.00	  0.20	  0.04	  1.01	  0.58	  1.65	 221	   3	   1	   0	
          instances//test_30_130_6_1.txt	30	130	6	1	75	64	 39.83	 40.67	 64.00	  0.36	  0.12	  1.15	  1.28	  2.57	 195	   4	   1	   0	
          instances//test_30_130_6_2.txt	30	130	6	2	57	48	 28.50	 28.92	 48.00	  0.40	  0.12	  1.04	  0.63	  1.81	 163	   2	   1	   0	
          instances//test_30_130_6_3.txt	30	130	6	3	59	55	 30.50	 32.83	 55.00	  0.40	  0.11	  1.16	  0.87	  2.17	 196	   3	   1	   0	
          instances//test_30_130_6_4.txt	30	130	6	4	77	75	 48.33	 49.13	 75.00	  0.34	  0.10	  1.15	  1.32	  2.59	 201	   3	   1	   0	
          instances//test_30_130_8_1.txt	30	130	8	1	57	47	 24.25	 24.57	 47.00	  0.48	  0.22	  1.23	  1.43	  2.90	 135	   5	   1	   0	
          instances//test_30_130_8_2.txt	30	130	8	2	56	48	 28.50	 28.50	 48.00	  0.41	  0.22	  1.01	  0.95	  2.21	 131	   0	   1	   0	
          instances//test_30_130_8_3.txt	30	130	8	3	44	44	 18.50	 19.21	 44.00	  0.56	  0.24	  1.13	  0.81	  2.21	 140	   3	   1	   0	
          instances//test_30_130_8_4.txt	30	130	8	4	64	43	 19.25	 21.62	 43.00	  0.50	  0.17	  1.16	  1.27	  2.62	 127	   4	   1	   0	
         instances//test_30_130_10_1.txt	30	130	10	1	32	32	 15.00	 15.73	 32.00	  0.51	  0.22	  1.22	  0.72	  2.18	  98	   2	   1	   0	
         instances//test_30_130_10_2.txt	30	130	10	2	44	32	 17.10	 17.50	 32.00	  0.45	  0.31	  1.29	  0.74	  2.36	  98	   2	   1	   0	
         instances//test_30_130_10_3.txt	30	130	10	3	57	50	 20.80	 21.67	 50.00	  0.57	  0.57	  1.05	  1.77	  3.41	 130	   3	   1	   0	
         instances//test_30_130_10_4.txt	30	130	10	4	52	43	 19.10	 19.43	 43.00	  0.55	  0.43	  1.08	  0.81	  2.34	  97	   1	   1	   0	
          instances//test_30_174_2_1.txt	30	174	2	1	135	134	122.50	124.50	134.00	  0.07	  0.01	  1.01	  0.18	  1.22	 415	   7	   2	   0	
          instances//test_30_174_2_2.txt	30	174	2	2	161	132	 99.00	115.00	132.00	  0.13	  0.01	  1.01	  0.34	  1.38	 377	  16	   5	   0	
          instances//test_30_174_2_3.txt	30	174	2	3	177	149	131.50	137.75	149.00	  0.08	  0.01	  1.01	  0.21	  1.24	 294	   2	   3	   0	
          instances//test_30_174_2_4.txt	30	174	2	4	170	135	 97.00	118.50	135.00	  0.12	  0.01	  1.01	  0.39	  1.43	 347	  15	   4	   0	
          instances//test_30_174_4_1.txt	30	174	4	1	106	93	 64.25	 71.25	 93.00	  0.23	  0.07	  1.05	  3.06	  4.21	 285	  26	   1	   0	
          instances//test_30_174_4_2.txt	30	174	4	2	73	62	 46.00	 48.00	 62.00	  0.23	  0.06	  1.03	  1.11	  2.22	 217	  15	   1	   0	
          instances//test_30_174_4_3.txt	30	174	4	3	88	76	 51.75	 55.00	 76.00	  0.28	  0.05	  1.04	  2.09	  3.22	 238	  35	   1	   0	
          instances//test_30_174_4_4.txt	30	174	4	4	78	64	 45.25	 48.14	 64.00	  0.25	  0.07	  1.01	  0.96	  2.06	 225	   7	   1	   0	
          instances//test_30_174_6_1.txt	30	174	6	1	45	45	 28.00	 30.50	 45.00	  0.32	  0.13	  1.06	  1.31	  2.95	 148	  11	   1	   0	
          instances//test_30_174_6_2.txt	30	174	6	2	54	49	 31.00	 31.11	 49.00	  0.37	  0.24	  1.21	  0.77	  2.24	 185	   2	   1	   0	
          instances//test_30_174_6_3.txt	30	174	6	3	58	50	 26.50	 29.33	 50.00	  0.41	  0.15	  1.13	  0.98	  2.28	 170	   6	   1	   0	
          instances//test_30_174_6_4.txt	30	174	6	4	50	48	 21.83	 24.50	 48.00	  0.49	  0.28	  1.02	  1.40	  2.72	 189	   9	   1	   0	
          instances//test_30_174_8_1.txt	30	174	8	1	51	47	 29.62	 30.50	 47.00	  0.35	  0.43	  1.27	  1.40	  3.13	 162	   2	   1	   0	
          instances//test_30_174_8_2.txt	30	174	8	2	48	42	 19.87	 21.06	 42.00	  0.50	  0.39	  1.40	  1.59	  3.46	 152	   5	   1	   0	
          instances//test_30_174_8_3.txt	30	174	8	3	38	33	 15.62	 15.65	 33.00	  0.53	  0.42	  1.12	  0.67	  2.23	 129	   0	   1	   0	
          instances//test_30_174_8_4.txt	30	174	8	4	63	46	 28.38	 28.41	 46.00	  0.38	  0.52	  1.16	  1.01	  2.70	 143	   0	   1	   0	
         instances//test_30_174_10_1.txt	30	174	10	1	32	31	 16.10	 16.16	 31.00	  0.48	  0.90	  1.35	  1.07	  3.35	 117	   1	   1	   0	
         instances//test_30_174_10_2.txt	30	174	10	2	35	34	 18.60	 18.92	 34.00	  0.44	  0.56	  1.20	  1.76	  3.53	 130	   2	   1	   0	
         instances//test_30_174_10_3.txt	30	174	10	3	20	19	  9.10	  9.14	 19.00	  0.52	  0.50	  1.09	  0.88	  2.50	  99	   1	   1	   0	
         instances//test_30_174_10_4.txt	30	174	10	4	23	20	 12.00	 12.10	 20.00	  0.39	  0.45	  1.20	  0.68	  2.35	 106	   1	   1	   0	
          instances//test_30_217_2_1.txt	30	217	2	1	177	151	119.00	133.50	151.00	  0.12	  0.02	  1.00	  0.46	  1.50	 458	  20	   6	   0	
          instances//test_30_217_2_2.txt	30	217	2	2	214	169	141.00	152.87	169.00	  0.10	  0.02	  1.01	  0.35	  1.40	 372	  18	   1	   0	
          instances//test_30_217_2_3.txt	30	217	2	3	144	128	106.50	118.00	128.00	  0.08	  0.02	  1.00	  0.55	  1.58	 366	  35	   5	   0	
          instances//test_30_217_2_4.txt	30	217	2	4	168	153	118.50	129.00	153.00	  0.15	  0.02	  1.02	  0.21	  1.27	 345	   4	   3	   0	
          instances//test_30_217_4_1.txt	30	217	4	1	63	52	 42.00	 43.75	 52.00	  0.16	  0.10	  1.11	  1.08	  2.32	 271	   8	   1	   0	
          instances//test_30_217_4_2.txt	30	217	4	2	66	62	 44.75	 48.25	 62.00	  0.22	  0.08	  1.10	  1.26	  2.48	 251	  17	   1	   0	
          instances//test_30_217_4_3.txt	30	217	4	3	67	54	 36.75	 38.81	 54.00	  0.28	  0.11	  1.08	  1.12	  2.33	 231	   8	   1	   0	
          instances//test_30_217_4_4.txt	30	217	4	4	81	66	 53.75	 54.25	 66.00	  0.18	  0.09	  1.08	  1.14	  2.37	 285	   3	   1	   0	
          instances//test_30_217_6_1.txt	30	217	6	1	51	41	 21.33	 22.26	 41.00	  0.46	  0.38	  1.18	  0.92	  2.59	 166	   4	   1	   0	
          instances//test_30_217_6_2.txt	30	217	6	2	44	44	 25.83	 26.67	 44.00	  0.39	  0.23	  1.30	  0.75	  2.38	 175	   5	   1	   0	
          instances//test_30_217_6_3.txt	30	217	6	3	49	38	 22.83	 23.36	 38.00	  0.39	  0.28	  1.28	  1.09	  2.67	 171	   6	   1	   0	
          instances//test_30_217_6_4.txt	30	217	6	4	55	40	 24.33	 24.87	 40.00	  0.38	  0.26	  1.14	  1.43	  2.86	 167	   6	   1	   0	
          instances//test_30_217_8_1.txt	30	217	8	1	36	35	 20.12	 20.46	 35.00	  0.42	  0.75	  1.12	  1.67	  3.56	 132	   4	   1	   0	
          instances//test_30_217_8_2.txt	30	217	8	2	30	27	 18.50	 18.50	 27.00	  0.31	  0.54	  1.09	  0.80	  2.46	 118	   0	   1	   0	
          instances//test_30_217_8_3.txt	30	217	8	3	34	29	 15.88	 15.97	 29.00	  0.45	  0.58	  1.11	  1.34	  3.04	 134	   2	   1	   0	
          instances//test_30_217_8_4.txt	30	217	8	4	30	27	 15.88	 15.96	 27.00	  0.41	  0.43	  1.06	  1.82	  3.33	 148	   2	   1	   0	
         instances//test_30_217_10_1.txt	30	217	10	1	23	21	  8.60	  8.61	 21.00	  0.59	  0.83	  1.13	  1.11	  3.10	 100	   0	   1	   0	
         instances//test_30_217_10_2.txt	30	217	10	2	26	23	 11.20	 11.40	 23.00	  0.50	  1.56	  1.20	  1.04	  3.83	 121	   1	   1	   0	
         instances//test_30_217_10_3.txt	30	217	10	3	12	12	  5.90	  5.94	 12.00	  0.50	  0.84	  1.27	  1.17	  3.30	 103	   0	   1	   0	
         instances//test_30_217_10_4.txt	30	217	10	4	34	27	 12.30	 12.70	 27.00	  0.53	  0.89	  1.48	  2.37	  4.77	 107	   4	   1	   0	
