
             instances//test40_234_2.txt 	 40 	 234 	 2 	90 	251 	221.00 	 0.00 	 304.52  	  0
             instances//test40_234_3.txt 	 40 	 234 	 3 	0 	204 	173.00 	 0.00 	 1800.36  	  0
             instances//test40_234_4.txt 	 40 	 234 	 4 	0 	169 	125.00 	 0.00 	 1801.93  	  0
             instances//test40_234_5.txt 	 40 	 234 	 5 	0 	98 	94.00 	 0.00 	 9598.89  	  0
             instances//test40_312_2.txt 	 40 	 312 	 2 	27 	154 	139.00 	 0.00 	 19.18  	  0
             instances//test40_312_3.txt 	 40 	 312 	 3 	0 	134 	131.00 	 0.00 	 1803.08  	  0
             instances//test40_312_4.txt 	 40 	 312 	 4 	0 	99 	80.00 	 0.00 	 847.12  	  0
             instances//test40_312_5.txt 	 40 	 312 	 5 	0 	61 	51.00 	 0.00 	 1800.57  	  0
             instances//test40_390_2.txt 	 40 	 390 	 2 	0 	149 	124.00 	 0.00 	 186.12  	  0
             instances//test40_390_3.txt 	 40 	 390 	 3 	0 	71 	61.00 	 0.00 	 1800.43  	  0
             instances//test40_390_4.txt 	 40 	 390 	 4 	0 	63 	57.00 	 0.00 	 1801.81  	  0
             instances//test40_390_5.txt 	 40 	 390 	 5 	0 	62 	55.00 	 0.00 	 1802.49  	  0