
             instances//test40_234_2.txt 	 40 	 234 	 2 	83 	258 	221.00 	 0.00 	 1800.07  	  0
             instances//test40_234_3.txt 	 40 	 234 	 3 	0 	241 	173.00 	 0.00 	 1800.04  	  0
             instances//test40_234_4.txt 	 40 	 234 	 4 	0 	166 	125.00 	 0.00 	 1800.04  	  0
             instances//test40_234_5.txt 	 40 	 234 	 5 	0 	97 	94.00 	 0.00 	 1800.06  	  0
             instances//test40_312_2.txt 	 40 	 312 	 2 	27 	154 	139.00 	 0.00 	 653.48  	  0
             instances//test40_312_3.txt 	 40 	 312 	 3 	0 	134 	131.00 	 0.00 	 1800.08  	  0
             instances//test40_312_4.txt 	 40 	 312 	 4 	0 	94 	80.00 	 0.00 	 1800.08  	  0
             instances//test40_312_5.txt 	 40 	 312 	 5 	0 	61 	51.00 	 0.00 	 1800.08  	  0
             instances//test40_390_2.txt 	 40 	 390 	 2 	0 	149 	124.00 	 0.00 	 1800.06  	  0
             instances//test40_390_3.txt 	 40 	 390 	 3 	0 	71 	61.00 	 0.00 	 1800.07  	  0
             instances//test40_390_4.txt 	 40 	 390 	 4 	0 	63 	57.00 	 0.00 	 1800.06  	  0
             instances//test40_390_5.txt 	 40 	 390 	 5 	0 	62 	55.00 	 0.00 	 1800.07  	  0