
              instances//test20_57_2.txt 	 20 	 57 	 2 	26 	262 	186.00 	 0.00 	 111.93  	 167871
              instances//test20_57_3.txt 	 20 	 57 	 3 	0 	121 	103.00 	 0.00 	 70.67  	 6515
              instances//test20_57_4.txt 	 20 	 57 	 4 	0 	143 	115.00 	 0.00 	 100.85  	 2432
              instances//test20_57_5.txt 	 20 	 57 	 5 	0 	52 	44.00 	 0.00 	 72.99  	 259
              instances//test20_76_2.txt 	 20 	 76 	 2 	2 	122 	107.00 	 0.00 	 135.62  	 18488
              instances//test20_76_3.txt 	 20 	 76 	 3 	0 	138 	107.00 	 0.00 	 139.44  	 18693
              instances//test20_76_4.txt 	 20 	 76 	 4 	0 	72 	70.00 	 0.00 	 131.27  	 1320
              instances//test20_76_5.txt 	 20 	 76 	 5 	0 	84 	77.00 	 0.00 	 137.98  	 1911
              instances//test20_95_2.txt 	 20 	 95 	 2 	0 	187 	136.00 	 0.00 	 147.88  	 291599
              instances//test20_95_3.txt 	 20 	 95 	 3 	0 	87 	86.00 	 0.00 	 94.06  	 5105
              instances//test20_95_4.txt 	 20 	 95 	 4 	0 	76 	64.00 	 0.00 	 93.92  	 1818
              instances//test20_95_5.txt 	 20 	 95 	 5 	0 	54 	47.00 	 0.00 	 94.73  	 796